0 20 65535 65535 1 65535 65535
20 0 6 4 65535 65535 65535
65535 6 0 65535 65535 65535 2
65535 4 65535 0 65535 12 8
1 65535 65535 65535 0 15 65535
65535 65535 65535 12 15 0 10
65535 65535 2 8 65535 10 0